#random sampling: 63938380
Gene	DH_DT1_3	DH_DT1_1	DH_CT7_3	DH_CT7_1	DH_CT1_2	DH_DT7_2	DH_DT7_1	DH_DT7_3	DH_CT1_3	DH_CT1_1	DH_CT7_2	DH_DT1_2
acdA	80302	78394	82266	84311	29392	93810	92206	95229	80866	63202	82415	79245
acdB	15879	15882	15425	16348	5943	16044	15220	15827	15724	12544	15704	16388
ackA	4885	5702	5526	5712	2327	4727	4924	4675	6625	6295	5605	5742
acs	34322	35376	34951	36557	12681	37516	37604	37427	38614	26448	36057	35944
acsC	0	2	1	0	0	8	3	1	1	1	0	0
acsD	318	309	267	288	101	386	383	302	341	321	275	352
amoA	5	1	3	4	3	8	7	5	5	3	1	1
amoB	189	53	54	101	22	162	220	211	79	40	103	60
amoC	131	14	25	26	10	45	92	99	59	12	22	25
apgM	628	525	728	874	436	584	574	585	1165	1096	881	573
cdhA	1	1	0	0	0	0	0	0	3	0	0	0
cdhB	0	0	0	0	0	0	0	0	0	2	1	0
cdhC	5	1	0	0	8	1	1	2	0	0	1	0
cdhD	0	0	0	0	0	0	0	1	0	0	1	0
cdhE	0	0	0	0	2	0	0	0	0	0	0	0
cooF	2035	2159	1985	1753	622	2566	2404	2388	2025	870	1696	2137
cooS	17	0	5	8	7	5	18	10	4	2	0	1
cytC	0	0	0	0	0	0	0	0	0	0	0	0
dcmA	236	214	284	282	47	261	275	240	254	126	226	248
dcmR	0	0	0	0	0	0	1	0	0	2	0	0
dfrA1	31	20	5	28	10	19	28	26	17	7	21	19
dfrA12	3	20	32	12	0	6	5	10	1	15	21	1
echA	8	13	16	26	8	9	9	7	40	22	19	8
echB	18	15	21	12	6	7	7	7	35	31	27	3
echC	0	0	0	0	2	0	0	0	1	1	0	1
echE	64	64	86	90	34	42	64	61	89	69	101	74
echF	0	0	0	2	0	0	0	0	0	0	0	0
ehaN	0	0	0	0	0	0	0	0	0	0	1	0
ehaO	2	5	7	6	4	3	3	4	2	7	2	4
ehaP	2	1	0	1	0	1	0	0	0	0	0	1
ehaQ	2	7	4	2	4	5	1	1	1	1	5	2
ehbA	10	23	24	19	2	7	5	4	19	11	21	18
ehbB	0	0	3	0	0	0	0	0	3	0	0	0
ehbC	6	13	2	6	2	3	3	5	5	4	4	9
ehbD	0	0	0	0	0	0	0	1	0	0	1	0
ehbE	47	95	83	121	23	43	48	43	90	61	97	83
ehbF	6	2	4	2	0	2	4	4	7	1	3	4
ehbH	94	104	74	97	43	63	90	55	115	66	101	158
ehbI	31	25	1	6	4	20	15	28	16	12	9	14
ehbK	0	3	1	0	0	2	0	0	0	0	0	3
ehbL	3	0	0	1	1	0	0	1	0	1	0	0
ehbM	0	0	0	0	0	0	0	0	0	2	1	0
ehbN	2	1	4	2	1	0	0	0	0	0	5	0
ehbO	0	0	0	0	1	0	0	0	0	0	0	0
ehbQ	76	114	65	103	35	90	145	115	55	104	114	117
eno	13227	11708	12427	11924	4675	13062	13388	13497	13001	11455	11880	11904
fae	784	628	763	587	296	475	562	607	965	620	615	608
fae-hps	83	80	122	70	27	92	38	43	70	68	72	91
fbaA	9829	9590	10464	10041	3051	11153	10560	10794	10593	7393	9948	9347
fbaB	2429	1606	1901	1641	534	1965	1965	1876	1693	1522	1647	1613
fbp	7206	7656	7663	7220	2160	7534	6696	6622	7779	5337	6943	7597
fbp3	29	16	33	21	7	23	15	12	33	9	28	28
fchA	763	449	484	474	180	404	497	469	477	468	513	477
fdhA	10614	11821	10640	10516	4485	11994	11647	11819	13408	4669	10230	11853
fdhA-K00148	7010	8304	5795	6194	2567	7620	7883	7826	8851	7253	6346	8236
fdhB	1845	1683	1522	1464	554	1989	1938	1900	1627	595	1565	1473
fdhF	1817	1839	1653	1702	568	2079	1994	2096	1733	675	1735	1774
fdm	4317	4504	3173	3647	1430	4720	4531	4365	4964	3715	3562	4477
fdoG	7159	6412	6869	7768	3512	7790	8673	8855	8247	3475	7733	6195
fdoH	1882	1584	1441	1709	873	2020	2642	2727	2089	981	1714	1581
fdoI	1368	955	1215	1260	460	1119	1522	1486	1307	999	1277	949
fdsD	567	715	716	652	180	642	630	661	831	498	609	701
fdwB	10244	10192	10286	10102	3838	10857	10925	10947	10932	6330	9913	10183
fdwE	0	0	0	0	0	0	0	0	1	0	0	0
fghA	2458	2943	2009	2438	777	2399	1922	1990	2322	1819	2324	2863
fmdB	0	1	6	3	3	7	7	0	9	3	9	0
fmdC	1	1	9	5	4	2	0	5	5	10	14	5
folA	18185	18255	19401	18058	5374	19597	17534	18152	18552	12695	17885	18276
fpoA	2158	2058	2228	1946	698	2102	2294	2057	2126	1674	1934	2048
fpoB	6748	6283	6380	6338	2121	6894	7049	6901	6366	3910	6361	6497
fpoC	2657	2636	2462	2314	927	2709	2874	2810	2647	2005	2452	2434
fpoD	6635	6148	6413	5993	2429	6782	6498	6604	6610	5528	5814	5688
fpoF	4	4	16	13	7	4	12	6	17	6	16	8
fpoH	4426	4242	4069	4049	1662	4653	4967	4694	4483	2866	4098	4160
fpoI	15	26	30	32	7	32	20	12	26	31	36	17
fpoJ	1055	889	925	808	300	1004	1164	1127	728	789	884	825
fpoK	2051	1857	2068	1923	677	2278	2245	2158	2175	1732	1888	1867
fpoL	9635	9109	9901	9042	3921	10149	10206	9801	10116	8963	9152	8899
fpoM	7888	7649	7935	7787	3218	8278	7924	7850	8759	7016	7819	7401
fpoN	4173	4052	4254	4130	1530	4264	4274	4052	4529	3465	4095	4047
fqoD	25	21	24	30	13	32	47	38	11	32	22	39
fqoF	0	0	2	0	0	0	0	0	0	1	1	0
fqoH	0	0	0	0	0	0	1	0	0	0	0	0
fqoL	1	0	0	0	0	0	2	0	1	0	1	0
fqoM	5	7	6	0	1	6	6	5	10	4	7	5
fqoN	5	0	1	2	1	2	3	4	6	1	0	1
frhA	17	70	125	77	16	28	28	35	60	81	87	72
frhB	11	20	34	47	12	21	15	23	26	47	45	23
frhD	11	35	51	45	22	37	25	31	28	57	61	41
frhG	10	8	9	11	13	6	8	4	22	24	14	10
frmA	20421	20227	19235	19065	6777	23582	21017	21546	19726	15704	18755	20380
frmB	115	68	76	57	12	79	87	81	99	49	77	69
ftr	927	884	1046	929	504	625	830	811	1573	1128	951	938
fwdB	150	113	279	341	112	138	123	133	382	314	297	162
fwdC	17	20	15	21	4	13	11	18	48	25	21	14
fwdF	8	9	17	28	5	6	12	4	33	24	19	2
fwdG	50	70	115	50	10	28	17	22	43	36	59	64
gck	3429	3833	3882	3991	1515	3733	3595	3870	4553	3391	3698	3824
gfa	1214	1300	1059	1014	300	1138	1056	911	1277	587	1045	1361
glpX	8476	7900	8460	8677	2869	9642	9523	9711	9305	7063	8402	7906
glpX.SEBP	0	0	0	0	0	0	0	0	0	1	1	0
glyA	29516	29718	29327	30593	9770	31849	30881	31081	31012	22069	29864	30451
gpmB	5487	4891	4590	5322	1932	5709	6050	6682	5564	4500	5206	5104
gpmI	6794	7267	7121	6733	2366	7142	7653	7498	7083	6744	7012	7240
hdrA1	194	210	232	188	47	269	298	246	163	143	195	212
hdrA2	1083	1082	1264	1103	349	1014	1038	958	1048	535	987	1038
hdrB1	5	18	10	23	8	5	5	8	42	43	19	25
hdrB2	10	38	36	41	17	39	13	19	53	39	49	42
hdrC1	2	0	0	0	0	0	0	0	2	0	1	0
hdrC2	1	2	2	2	4	2	4	4	1	3	2	1
hdrD	2684	1838	1590	1961	691	2354	3078	3132	1520	1492	1862	1865
hmd	88	90	89	108	20	81	86	71	117	77	88	91
hprA	10089	10937	10846	11304	4032	11492	10110	10624	13264	9479	11106	11014
hxlA	300	307	286	264	90	237	269	288	342	247	285	287
hxlB	373	393	370	329	109	315	292	292	388	326	353	392
mauA	146	201	179	143	67	153	95	105	129	143	135	205
mauB	48	95	98	88	23	60	40	30	62	81	94	91
mauC	1210	1593	1586	1749	401	1241	1148	1171	1610	1314	1737	1598
mauD	29	26	31	28	15	24	12	19	31	37	24	37
mauE	53	68	66	74	13	49	36	45	65	88	69	84
mauF	0	0	0	1	0	1	1	0	0	0	0	0
mbhJ	212	261	158	233	161	152	183	180	459	328	184	285
mbhL	46	26	26	31	23	19	13	29	55	52	34	36
mch	865	874	999	754	430	616	756	734	1320	958	784	924
mcl	9239	8272	10711	9684	3342	9977	10206	10456	9250	7278	9049	8419
mcrA	0	0	0	2	1	0	0	0	0	0	0	0
mcrB	2	0	0	2	0	1	0	0	0	0	1	1
mcrG	0	0	4	0	0	0	0	0	0	0	0	0
mdh	3142	3021	2729	3076	1127	2655	3481	3611	3479	3136	3073	3063
mdh-K00024	13913	12800	13303	12662	4643	13873	14244	13773	13547	8763	12829	12623
mdo	622	383	382	489	164	599	1206	1240	338	312	477	368
mer	540	760	766	838	348	700	703	774	764	850	885	782
metF	19164	17990	18233	18164	6136	19221	18567	18857	18923	14681	17917	17798
mgdA	511	675	838	778	284	492	490	452	764	524	714	669
mgdB	151	137	183	239	73	167	114	172	201	94	185	165
mgdD	100	156	139	192	44	122	148	129	207	129	206	194
mgsA	1400	1509	1401	1363	441	1174	1148	1102	1712	886	1277	1491
mgsB	993	974	923	965	418	800	761	792	1168	664	889	995
mgsC	3960	3872	4183	4186	1289	3949	3585	3704	4197	1645	4015	4108
mmoB	0	0	0	0	0	1	0	1	0	0	0	1
mmoC	1208	1444	1149	1293	442	1157	1048	1177	1426	990	1263	1375
mmoX	15	86	41	47	18	35	55	48	94	37	35	64
mmoY	0	7	2	1	2	0	2	1	2	4	3	3
mmoZ	0	0	0	0	0	0	0	0	0	2	0	1
mtaA	8	9	5	5	4	3	12	5	18	7	11	8
mtaB	5	0	1	0	5	3	0	0	1	0	0	1
mtaC	4	1	0	0	1	0	3	3	0	0	2	0
mtbA	3	1	2	4	2	0	2	8	0	2	1	1
mtbB	0	0	0	0	1	0	0	0	1	0	0	0
mtbC	1498	1076	1168	1127	348	1360	1177	1198	959	810	1134	1206
mtd	0	0	0	0	0	0	0	0	1	0	0	0
mtdA	497	379	390	413	177	325	390	412	585	508	402	457
mtdB	609	568	578	425	197	340	414	441	646	458	371	522
mtkA	7665	7461	7230	7176	2765	7817	7676	7506	7876	6144	7075	7424
mtkB	8854	8291	9284	8362	3074	8831	8725	8568	8969	5675	8266	8329
mtmC	0	0	0	0	0	0	0	0	0	0	0	0
mtrA	19	18	21	36	21	13	7	9	43	61	35	17
mtrD	0	0	0	0	2	0	0	0	0	0	0	0
mtrE	0	0	0	0	2	0	0	0	0	0	0	0
mtrH	0	0	0	0	1	0	0	0	0	0	0	1
mtsA	0	0	0	0	0	0	0	0	0	0	0	0
mttB	70	60	64	78	24	39	19	35	50	62	53	66
mttC	55	55	52	49	27	36	32	24	49	62	39	75
mvhA	46	95	80	158	87	36	46	31	149	177	171	88
mvhD	31	30	27	42	9	13	19	18	26	12	27	17
mvhG	14	45	39	89	33	12	19	16	72	56	69	51
mxaA	56	101	42	54	31	65	49	37	146	45	46	96
mxaC	586	299	418	261	88	332	257	245	375	208	229	313
mxaD	980	1430	796	611	326	718	655	746	1353	690	584	1457
mxaF	8726	12060	9288	9047	3715	9274	8229	8049	11452	8847	9163	11854
mxaG	149	115	105	89	45	68	49	54	128	64	75	91
mxaI	75	41	56	36	29	57	20	38	79	40	48	54
mxaJ	258	273	184	180	75	184	144	114	298	157	169	222
mxaK	108	83	71	77	23	97	50	81	117	41	64	107
mxaL	515	368	332	253	115	293	224	286	397	241	291	411
napH	12	25	24	21	6	15	21	20	24	15	11	27
narB	11322	13465	12969	13536	4419	13679	12842	13012	14514	2742	13286	13655
narG	161	308	399	472	247	227	111	130	371	324	466	308
narH	996	831	1373	1392	390	995	1096	880	1173	460	1374	832
narY	20	6	25	29	30	15	1	2	29	23	22	17
narZ	66	141	226	221	112	48	37	25	145	77	246	131
nirK	2413	2689	2347	2294	703	2756	2165	2079	2523	1495	2318	2683
nirS	754	1346	823	774	264	676	581	668	1269	659	770	1341
nod	7	7	6	15	4	11	0	2	17	5	10	6
nrfA	27	16	57	63	32	27	16	14	27	19	57	11
nrfH	1	4	6	6	11	6	2	1	7	13	20	6
nxrA	19	4	4	12	19	14	0	4	16	23	14	5
pfkA	3183	2837	3302	3516	1111	3444	3515	3351	2960	2471	3480	2623
pfkB	785	625	705	773	226	654	846	973	630	525	744	773
pfp	10956	9936	9703	9807	3856	11287	11731	12112	10312	5229	9702	10095
pmoA	161	46	48	85	34	143	187	186	102	27	74	50
pmoB	66	22	22	15	12	49	80	66	35	11	30	18
pmoC	91	22	30	39	15	82	104	109	58	18	48	27
porA	149	201	269	347	181	151	124	103	274	355	336	237
porB	61	50	80	84	72	44	49	72	83	93	105	41
porD	731	773	741	669	300	785	793	791	735	401	710	788
porG	15	10	17	14	22	3	7	11	17	30	18	6
ppc	11999	11592	9903	9882	3865	13422	12236	12540	10584	8328	9730	11713
pps	9993	9501	9871	9808	3084	9301	9028	9175	9993	5972	9668	9364
pqqA	428	634	489	492	137	389	360	320	489	310	440	626
pqqB	1523	2298	1709	1785	865	1726	1343	1450	2104	1673	1694	2148
pqqC	1444	2062	1812	1769	833	1625	1446	1474	2119	1583	1819	2124
pqqD	536	638	518	539	223	572	507	553	658	555	549	568
pqqE	2308	3129	2235	2542	1139	2571	2267	2425	2962	2415	2441	3043
pqqF	1913	1920	2288	2277	557	1731	1747	1850	2181	1433	2151	2037
psp	90	64	74	69	8	97	100	93	69	50	66	72
pta	22802	21618	24326	22589	8169	23215	22997	22803	24256	19024	22271	22188
qhpA	66	153	92	142	29	81	108	84	75	117	105	133
rnfA	12	45	58	43	36	19	9	15	78	70	50	30
rnfB	2782	2778	2681	2759	862	2577	2391	2527	2685	1153	2586	2663
rnfC	141	154	192	255	73	150	130	123	178	214	215	160
rnfD	142	167	166	140	71	127	115	114	224	153	129	184
rnfE	2433	2393	2459	2165	761	2383	2181	2156	2374	1673	2188	2363
rnfG	105	80	104	149	60	81	78	73	138	86	151	73
serA	22400	22244	23475	22852	8666	24182	23077	23740	25298	20845	22569	22827
serB	13345	11444	12205	12130	3633	13202	13434	14303	11537	7500	11831	12183
serC	7227	6732	6914	6838	2453	6910	6987	6992	6807	5289	6612	6668
thrH	14	31	49	45	6	20	21	15	10	53	58	41
tmm	1075	839	1082	808	264	825	658	652	881	663	831	870
torA	5080	5346	4945	5165	1984	5011	5049	5181	6341	3400	5131	5455
torC	27	19	66	64	30	19	10	7	26	25	75	44
torD	3	4	1	6	0	1	1	3	7	5	6	3
torY	5	7	8	14	3	0	5	1	7	6	9	5
torZ	1220	1099	1404	1382	428	1126	1149	1292	1481	1057	1409	1091
vhcA	6	7	0	6	4	6	1	2	3	10	3	5
vhcD	1	0	0	0	0	0	0	0	0	0	0	0
vhcG	0	2	0	3	3	0	4	0	2	4	2	0
vhtG	102	215	290	273	107	142	110	125	215	313	257	216
vhuA	2	5	3	5	4	0	0	1	4	4	8	2
vhuD	0	0	0	0	1	0	1	0	0	0	0	0
vhuG	0	0	0	2	1	0	0	1	2	2	0	1
xoxF1	962	1425	855	566	314	826	651	594	1167	780	652	1232
xoxF2	25	58	39	51	11	53	22	24	49	36	39	46
xoxF4	931	956	844	724	362	902	774	775	918	906	767	995
xoxF5	4348	6356	4336	3898	1694	4722	3851	3611	4692	4274	3967	6094
