Gene	DH_CT1_1	DH_CT1_2	DH_CT1_3	DH_CT7_1	DH_CT7_2	DH_CT7_3	DH_DT1_1	DH_DT1_2	DH_DT1_3	DH_DT7_1	DH_DT7_2	DH_DT7_3
adk	84312	90298	155772	155953	153491	189461	151964	148359	139581	119345	86020	119855
cmk	19260	39973	17229	75862	75138	17615	15814	15634	16626	10752	16757	10818
dcd	66404	138934	131391	175944	172958	96864	109309	108284	81134	92918	74135	89991
deoB	6724	18760	9794	2070	2156	1248	3027	2962	1299	1885	2159	1900
dut	35225	58128	31770	100123	97257	39029	30355	30973	45840	65720	53526	66341
gcd	18625	21472	30423	5162	4834	4395	29553	30695	7288	6701	3570	6857
gdh	7884	7536	7348	7292	7193	5027	10095	10412	9190	7645	5978	7949
glpQ	1845	2438	2548	1903	1761	1861	4325	4242	2649	1012	2627	1065
gmk	55545	88480	63617	108184	108087	45520	54902	55647	45295	60070	60547	59987
gnd	135580	197323	150144	216749	214018	264600	191712	185291	106298	105228	170345	103270
gnl	11461	18958	15073	16684	16257	16533	17242	17332	14070	19928	13034	19391
gntK	5981	8382	9114	19427	19199	33733	24953	23846	7443	50019	71502	48933
guaA	238159	244231	230119	242290	240674	462225	346545	337718	230567	213536	308414	206036
guaB	218390	214531	139097	215711	216057	376812	249802	246222	165561	116756	169474	117110
htxB	2	7	11	2	1	0	16	21	0	24	4	34
lysR	552	400	410	3086	3002	153	1502	1413	420	1484	27	1363
ndk	203731	196596	129086	184118	184222	374102	246100	241859	156470	105123	174655	104184
nrdA	27223	57413	33442	97506	97838	25129	11225	11447	24963	8190	13205	8189
nrdB	55223	77592	137596	132169	131799	122471	106681	106705	82546	60117	67329	57662
nrdD	42	0	0	16	34	20	27	34	0	0	0	0
nrdF	55	7	14	63	67	78	57	50	3	12	15	15
nrdJ	68450	56760	41908	61695	62081	103454	65353	62746	75297	83529	68312	84774
opd	3772	271	988	258	263	87	291	273	403	305	209	311
pbfA	1141	820	614	1113	966	640	947	1010	983	1121	741	1179
pckA	54306	74978	47772	105852	104700	99290	60464	59728	38521	20376	45386	19991
pckG	30022	19404	98139	41424	40230	102334	87698	86759	75591	60692	41640	60040
pepM	1228	2840	1989	516	545	575	2244	2233	2011	1063	1865	1035
phnA	1233	3457	3409	4526	4377	2596	1629	1703	1010	824	810	1003
phnC	17025	13637	16363	16487	16111	15322	11769	12365	38303	53490	39461	54072
phnD	303	230	376	507	526	1121	490	551	539	155	144	152
phnD_phosphite	4015	3254	3933	4586	4558	4121	3820	4408	8821	8026	5758	8608
phnE	14243	12952	17243	25134	24214	13549	12983	14420	46386	37765	23135	40007
phnF	266	664	101	779	742	777	543	582	40	562	634	645
phnG	2466	3190	2359	5008	4817	1992	2353	2480	4461	3692	1879	3993
phnH	1992	1040	1212	4146	4025	1221	1780	1837	1530	2247	754	2504
phnI	8533	8935	9881	12708	12219	6454	7663	7752	15125	13137	8189	13852
phnJ	6962	9196	9495	12109	11666	4896	6627	6586	12765	11623	7640	12241
phnK	7398	8239	8971	11447	11078	4857	6886	6972	13239	12281	7627	12971
phnL	3682	5575	6156	10326	9948	3818	4508	4575	8189	9021	5447	9761
phnM	7849	9438	12845	20532	20174	8053	8304	8518	17651	14429	9148	15038
phnN	5101	1985	2460	6978	6854	2418	3748	3840	4187	5482	1026	5826
phnP	98	48	63	94	108	25	41	41	131	119	60	114
phnPP	652	0	0	331	353	398	313	378	0	0	0	0
phnS	1419	156	231	404	325	485	1500	1420	339	985	925	997
phnT	15	23	13	151	117	4	92	77	13	71	14	67
phnU	656	115	93	663	663	170	798	886	205	605	395	671
phnW	3652	4648	3681	6311	5921	1550	5845	5948	4107	3918	3100	4177
phnX	4490	1183	1915	2645	2663	3262	4717	4718	2310	3029	2825	3277
phny	1165	3142	3304	3908	3797	2173	1250	1317	796	681	758	768
phoA	455	185	145	489	480	714	339	245	56	191	192	172
phoB	383634	419802	374919	534880	530490	674702	506075	496788	337726	381445	405004	382917
phoD	3722	6571	6417	6162	6167	9085	14319	14469	11455	10455	19264	10761
phoH	52200	90278	58722	114499	113531	59509	50002	50600	63310	77492	57538	77063
phoP	393428	343903	205824	393883	393724	672541	433369	422971	294732	155251	296301	155218
phoR	12831	32154	16217	61008	59323	12752	10002	10042	9700	6082	4713	6404
phoU	22888	53930	26628	71969	70191	25723	21559	21441	23156	37302	29129	38004
phoX	1025	393	384	1935	1958	803	1198	1114	260	612	20	510
phpC	456	297	268	357	410	433	551	652	342	387	406	440
pit	69085	89048	46681	145969	146359	72577	53246	53411	51656	97559	93801	96402
ppa	61827	111284	64339	120136	117646	69361	44212	44404	61515	85424	86075	84498
ppc	29132	36879	32033	32858	32517	36483	55757	54476	57152	108394	106597	105857
ppd	1898	3173	2632	958	906	989	2692	2724	2344	1207	2445	1318
ppdK	121059	116125	115135	98062	97020	233052	174422	170429	106473	77771	125747	74558
ppk	192675	169471	112251	157874	156954	342946	231519	226963	161833	129842	175953	131385
pps	14480	57853	16612	112302	110659	8658	8741	8542	14462	11570	7256	12304
ppx	4004	6025	5307	5756	5545	4337	7551	7763	8554	10618	9539	11402
prsA	119598	163374	101139	180324	177897	160905	121646	120639	109148	126043	109326	128158
pstA	17379	23780	20240	23139	22799	23535	31873	31554	30538	52370	50326	49735
pstB	175976	180111	195294	182614	179997	313855	254182	252221	183271	198591	180228	199346
pstC	20526	28103	23064	27912	27523	26808	31599	31207	35708	62541	52096	60465
pstS	26377	49111	26662	69145	67257	31647	31844	31584	36019	69013	63086	66593
ptsH	49048	86946	60703	53863	52313	30199	46146	46779	47661	63636	54321	63586
ptsI	13632	45333	19485	37667	36525	4666	7086	7173	7516	7268	5472	7142
ptxA	5	0	0	54	49	261	5	5	0	0	0	0
ptxB	438	0	0	192	223	190	229	176	0	0	0	0
ptxC	519	0	0	295	309	468	281	214	0	0	0	0
ptxD	576	0	0	362	299	606	285	278	0	0	0	0
purA	160974	168055	221766	203068	202297	275277	248250	244911	174982	176654	199237	174055
purB	119301	149348	179280	219298	216411	262393	208550	203373	138178	100425	127035	97110
purC	93923	99523	71305	103126	102707	182694	115440	113877	84466	53902	87925	52817
purD	140154	135710	92052	177794	176379	183809	139955	138084	106171	91250	124808	90737
purE	171718	182295	220094	201078	198635	320999	278114	272211	180314	159037	156739	156985
purF	231776	222774	213027	233205	231223	436670	333214	326005	207410	185933	248101	181673
purH	138392	153729	131279	164998	164370	229212	181429	177723	130889	113072	132843	109896
purK	59596	104809	74404	112774	111084	47392	78770	79445	59291	122120	87641	121318
purL	120196	130701	155348	159669	159054	234924	197642	193275	148250	146862	160967	142063
purM	200031	218635	130362	209798	207732	336644	248581	244103	151376	113725	179183	113080
purN	37457	38509	92794	41488	41325	83522	97080	96245	58470	66859	63081	65261
purP	3067	249	879	308	322	45	180	162	36	84	58	89
purQ	94741	80023	57627	70737	70979	134891	99285	97380	63940	41184	62252	40434
purS	85951	76842	55245	70527	69930	144891	97771	96072	60041	40244	61177	39636
purT	39666	36332	25271	37736	37905	76274	48387	46862	30486	8868	26137	9288
pyk	55770	74101	55554	62599	63304	51039	51806	51908	84125	115670	79754	116063
pyrE	129990	179595	117726	147928	143963	157397	179545	176630	129757	238124	264220	228782
pyrF	21909	43084	25851	62823	61539	27844	26965	27748	33220	21329	26668	21177
pyrG	148548	193174	213812	231417	229305	293314	231688	224618	158419	85185	103988	84776
pyrH	137745	145175	165279	179166	178533	258581	190232	185548	170041	112466	117660	111096
RegX3	53003	52645	46754	76023	76294	62556	38007	37631	86217	74262	44768	76275
rpiA	29880	68621	47067	55972	55413	23351	33926	35138	16185	19081	24825	19602
SenX3	770	2000	663	2091	2110	1467	381	394	1471	860	1078	996
spoT	69588	95215	70473	121568	120770	44804	64093	66444	46368	63476	56749	64256
thyA	110344	128364	71478	142442	141267	177994	121096	118761	86860	47571	88843	47981
tmk	122749	162408	73675	182897	181254	217588	143778	140054	85310	21221	74039	20750
ugpA	6227	12470	9803	14646	14723	11749	6293	6424	6411	6158	5816	6197
ugpB	3497	7274	8538	13495	13030	15934	8745	8757	6484	15927	21415	15817
ugpC	82980	81368	71849	105125	103191	73275	68395	68348	92856	87695	65531	86883
ugpE	6879	12408	10051	12246	12029	10487	6501	6610	6670	6257	4789	6428
ugpQ	304	196	206	1166	1183	303	643	670	321	672	89	666
ushA	8	20	20	25	39	15	45	35	1	0	0	1