#random sampling: 63938380
Gene	DH_DT7_1	DH_CT1_3	DH_CT7_2	DH_DT1_2	DH_DT7_3	DH_CT1_1	DH_DT1_1	DH_CT7_3	DH_CT1_2	DH_DT7_2	DH_DT1_3	DH_CT7_1
acuI	16630	20501	18873	16556	14140	19585	16860	18827	19733	13976	14838	19440
acuK	114	130	167	140	117	146	107	137	186	119	72	185
acuN	782	939	922	681	642	880	644	900	858	618	688	925
aprA	3588	5338	5613	3913	2914	4561	4058	5420	5181	3136	3607	5611
aprB	35	53	67	32	21	70	48	46	77	40	44	63
asrA	640	1410	1328	420	668	1426	619	1400	1365	677	384	1353
asrB	171	207	200	132	165	260	151	268	287	146	150	261
asrC	777	1439	1426	579	1073	1662	709	1550	1372	663	488	1429
betA	30051	33502	31991	29684	26187	32848	30547	33496	34040	27381	27559	32900
betB	65735	64084	63701	61874	61208	64504	62150	64949	65790	59459	59125	64862
betC	8030	10574	11081	7927	6022	11529	8290	11214	11853	6645	7669	11023
comA	1174	379	593	373	1004	361	376	539	498	642	835	528
comB	3606	5103	5313	2959	2992	4651	3222	4900	5033	2774	3213	5438
comC	805	1369	1113	929	777	1297	968	1181	1225	723	806	1255
comD	703	1368	1089	908	598	1128	918	1171	1341	582	664	1113
comE	1679	2107	1979	1546	1445	2171	1521	2224	2331	1211	1465	2011
cuyA	3193	3733	3506	2672	2706	3453	2749	3612	3688	2318	2817	3598
cuyZ	1	3	4	6	2	6	5	9	8	2	1	7
cysA	23019	30020	28628	18195	21267	27638	19898	29336	27818	19083	18751	29768
cysC	43867	51510	49306	40030	35165	46410	41120	48780	49375	34483	39629	50331
cysD	12718	14681	13997	11921	10944	13805	12123	14980	13967	11007	12008	14120
cysE	21094	25188	24004	19021	17388	23222	19568	23825	24460	17618	19155	24518
cysH	6991	8484	8283	5941	6243	7955	6411	8394	7801	6253	6019	8212
cysI	7123	9885	8637	6054	6081	8980	6705	9335	9394	5735	6362	8633
cysJ	22300	32575	28656	19974	20761	26628	21675	28827	27772	20539	18327	28815
cysK	45860	52880	49410	39837	39065	49436	41193	51645	50751	37470	39504	50075
cysM	11925	12439	12828	10016	9916	12319	10530	12611	13481	9159	11027	13235
cysN	12593	13562	12861	10848	10278	12619	11179	13364	12968	10334	11755	13173
cysN_cysC	16960	19683	18143	15939	13880	17828	16236	19997	18135	15033	15891	18906
cysP	4314	6163	6380	3182	3506	5183	3550	6205	5079	3302	3521	6440
cysQ	12704	13364	12741	10875	9893	12389	11128	12330	12785	9664	10827	12768
cysU	17053	19413	18855	14762	13430	17784	15339	18904	17798	13412	15847	18906
cysW	5262	5049	5046	4223	4511	4960	4301	5374	4324	4603	4515	5186
cysZ	1602	2193	2149	1647	1198	2032	1714	2230	2186	1164	1588	2179
dddA	44	52	44	46	35	53	60	72	37	33	60	59
dddC	20	19	23	26	19	27	22	21	21	33	23	14
dddD	752	956	1002	698	704	879	740	1044	1018	762	726	1044
dddK	0	0	0	3	1	0	1	1	1	5	1	2
dddL	1	4	5	1	3	4	1	1	4	0	3	6
dddP	910	1018	983	851	722	1073	892	1074	1042	739	837	990
dddQ	25	18	11	13	14	16	12	8	13	18	19	6
dddT	60	128	327	189	43	247	199	336	108	75	59	277
dddW	38	80	45	46	30	76	56	50	44	30	32	57
ddhA	65	193	186	54	90	193	89	220	220	78	43	189
ddhB	0	1	0	0	0	0	0	0	1	0	0	0
ddhC	0	0	1	0	0	0	0	0	1	0	0	0
dmdA	371	378	361	341	296	349	333	417	431	302	398	411
dmdB	23800	33197	32061	17282	23653	29900	19677	32243	32730	23735	16457	32807
dmdC	35564	39094	40484	31000	32756	37133	31864	40167	40063	31936	31111	41395
dmdD	17036	20419	19997	14238	15336	18734	14361	19675	20014	14671	13888	20482
dmoA	1611	2166	1620	1937	1384	1645	2049	1623	1691	1388	1608	1597
dmsA	14319	23572	20793	14120	13640	20112	14777	20389	21814	12945	13072	20933
dmsB	5383	6096	4816	4281	4862	5727	4372	4772	5804	4207	4449	4872
dmsC	8289	9366	8509	7545	6638	8206	7733	9043	8423	6747	8102	8657
doxD	0	2	1	1	0	4	0	0	1	0	0	1
dsrA	2921	3342	3104	2685	2164	3274	2843	3524	3096	2308	2737	3148
dsrB	838	765	863	644	628	734	700	821	675	622	841	818
dsrC	0	4	3	1	1	2	0	1	11	0	0	2
dsrD	15	8	21	11	11	21	14	19	19	6	8	3
dsrE	0	2	1	1	0	1	2	0	0	0	0	0
dsrF	0	2	11	8	0	8	9	6	0	1	3	10
dsrH	3	26	14	14	4	7	24	9	14	2	10	5
dsrJ	0	0	0	0	0	0	1	1	4	0	0	0
dsrK	5	14	6	8	7	4	2	0	29	7	2	3
dsrL	66	95	71	27	59	64	52	102	70	67	24	71
dsrM	227	89	102	95	208	93	93	74	119	93	104	85
dsrN	1818	2243	1549	1986	1733	1970	2054	1541	1913	1252	1518	1643
dsrO	84	90	56	57	77	61	72	103	70	78	63	58
dsrP	125	242	267	172	100	161	96	180	189	96	127	234
dsrT	0	1	0	0	0	0	0	0	3	0	0	0
dsyB	2210	2200	2372	1823	1701	2198	1826	2285	2255	1610	1909	2369
fccA	528	733	739	488	445	533	501	658	715	575	423	792
fccB	2146	3224	3139	1755	1966	2958	1777	3463	3222	1783	2042	3260
fsr	7	12	6	5	11	17	6	10	11	9	3	2
gdh	1748	3643	3667	1010	2092	3820	1372	3659	3409	1794	1053	3714
glpE	15602	18768	19216	14206	13364	18781	15175	19399	19901	13012	14949	19577
hdrA1	1979	2164	2330	1907	1599	2242	2065	2382	2169	1656	1934	2230
hdrA2	848	883	876	681	594	959	671	874	903	608	715	906
hdrB1	3	47	25	14	6	62	13	10	18	1	3	32
hdrB2	12	54	55	32	10	68	36	36	51	23	11	51
hdrC1	0	2	0	0	0	0	0	0	0	0	1	0
hdrC2	7	8	21	8	12	8	7	12	24	3	4	10
hdrD	2944	1661	2010	1819	2469	1891	1709	1614	2163	1879	2485	2125
hdrE	58	64	30	20	32	17	20	67	18	35	20	20
hpsK	159	206	203	110	138	166	127	228	222	110	137	231
hpsL	23	24	34	27	13	35	22	27	15	14	30	26
hpsM	664	1168	1060	614	494	897	665	1074	1093	501	536	1162
hpsN	7419	8112	7349	7253	6865	7650	7256	7611	8263	7653	7447	7822
hpsO	1943	2621	2452	2439	1662	2796	2530	2734	2470	1833	2234	2420
hpsP	4753	5454	4712	4192	3596	5176	4273	4269	4914	3612	3865	4679
hydA	0	18	13	0	1	19	5	7	11	2	3	10
hydB	0	0	0	2	0	3	2	0	9	0	2	2
hydD	11	27	26	8	3	57	17	16	57	2	7	38
hydG	0	3	1	5	3	2	4	4	1	1	3	7
iseJ	36	32	10	8	30	21	14	10	28	21	31	17
iseK	0	0	1	0	0	2	0	1	0	0	0	2
iseL	1	0	0	0	0	0	0	1	0	0	0	0
iseM	2487	4193	4192	2255	1833	3286	2146	4271	3941	1789	1995	4337
isfD	24530	25764	25001	23535	20112	26024	23494	23559	25054	19723	22243	25060
mccA	0	0	3	0	0	1	0	0	0	0	0	1
mccB	2150	1984	1732	1831	1817	2259	1987	2153	1982	1985	2264	1720
mddA	554	603	656	512	519	582	537	594	755	784	537	630
mdh	33120	40834	40157	27823	27651	38698	29557	40690	39113	26300	29213	39873
metA	1609	1892	1738	1704	1187	1858	1589	2005	1809	1179	1704	1753
metB	10513	10919	11083	8995	9132	10880	9242	11266	11398	8522	9129	11111
metC	18934	21925	20512	18390	16429	20847	18678	21608	21002	16714	18351	21030
metX	7795	8879	7930	7535	7149	7585	7457	7751	8663	6867	7223	8068
metY	8604	10854	9331	9187	8187	9916	9260	9848	10116	7503	7519	9587
metZ	15569	19365	18386	15201	12726	17486	16007	19373	18061	13712	15318	18306
msmA	2275	2857	2452	2392	1804	3149	2605	3590	3136	2202	2165	2592
msmB	12	21	25	44	12	18	56	42	61	23	18	29
mtoX	4	6	3	0	3	14	0	4	16	2	1	6
mtsA	0	0	0	0	0	0	0	0	0	0	1	0
mtsB	77	105	116	70	62	215	71	151	243	82	56	129
nrnA	4982	4392	4463	3727	4033	4483	3710	4161	4368	3737	4322	4520
otr	96	67	112	129	74	132	150	162	75	68	64	113
phsA	242	352	411	207	204	388	226	367	377	237	199	458
phsB	183	195	179	206	180	165	255	149	189	208	148	179
phsC	1318	1714	1413	1044	969	1214	1051	1442	1276	960	1126	1463
prpE	27006	34272	31644	24335	24762	30410	25494	30622	31948	24519	22768	32135
psrA	116	197	234	54	112	147	48	215	225	91	45	231
psrB	8	0	0	7	8	0	8	0	2	6	8	0
psrC	1	3	4	1	2	7	2	10	10	1	1	6
pta	32659	39803	36949	30770	27151	36371	31757	38553	37906	26755	31027	36624
qmoA	1216	1816	1447	1181	961	1482	1259	1751	1673	1061	1131	1422
qmoB	686	1091	710	450	665	967	549	841	916	582	439	793
qmoC	0	3	5	0	0	1	0	0	1	0	2	1
rdlA	5	5	2	2	1	2	1	2	8	2	3	3
rdsr	1	3	0	1	0	0	0	0	2	1	0	0
sat	8577	9591	9192	7150	6585	9313	7699	9241	9226	6262	7766	9279
sbp	5949	6218	6403	5124	5248	5502	5202	7193	5741	5445	5639	6591
sfnG	1200	1816	1064	1740	1107	1457	1921	1125	1655	1007	1114	1181
sgpA	81	87	91	72	53	95	63	107	90	34	41	129
sgpB	658	760	833	768	499	665	726	762	736	542	674	860
sgpC	558	965	869	647	389	851	713	977	916	525	547	952
shyA	13	23	38	15	7	79	18	34	90	1	15	57
shyB	0	2	1	0	2	8	0	1	5	0	0	3
shyC	79	113	105	60	66	186	74	116	196	75	88	138
shyD	8	33	30	12	4	39	15	17	54	7	7	22
sir	9796	13677	11743	8414	8798	12857	9008	10952	12475	7724	7730	11807
slcC	18823	21900	20392	17700	16950	19575	18035	20532	21182	16624	17688	20298
slcD	2102	4805	4493	1260	2774	4249	1690	4216	4753	2134	1243	4670
soeA	454	908	1463	748	470	1018	773	1510	1698	496	424	1451
soeB	3	17	21	15	5	17	19	24	26	11	15	12
soeC	106	251	415	217	110	296	244	414	450	139	126	445
sor	0	1	1	0	0	1	0	2	0	0	0	0
sorA	2912	3728	2812	1951	2600	3221	2019	2557	3381	2503	1945	2925
sorB	335	527	337	277	245	453	294	433	466	384	275	397
soxA	1167	1878	2261	1243	988	1788	1306	2117	1972	741	1065	2211
soxB	3908	5352	5528	4223	2985	5000	4117	5853	5651	3341	3925	5484
soxC	4723	6878	5877	4165	3932	6206	4481	5946	6656	3619	3850	5964
soxD	1223	2063	1777	1491	1037	1817	1496	2032	2091	1059	1456	1763
soxL	0	1	0	1	0	1	0	1	0	0	0	0
soxX	3454	4910	4825	4015	2674	5121	4221	4896	5160	2927	3668	4864
soxY	3103	3724	3393	2398	2340	3185	2430	3561	3342	1898	2652	3451
soxZ	1295	2357	1955	1351	1235	2019	1455	2416	2241	980	1102	2115
sqdB	6928	6845	6330	5053	5508	6184	5408	6226	6545	4999	5736	6293
sqdD	76	73	77	91	29	99	98	69	75	49	109	83
sqdX	21084	22689	19625	18488	17327	19915	18497	19899	20400	17857	18798	19445
sqr	168	288	265	94	157	240	124	226	293	166	141	279
sreA	14	46	46	17	20	28	17	26	27	6	7	32
sreB	3	0	0	5	1	0	8	4	0	1	0	0
sreC	16	20	6	9	8	9	6	8	16	24	17	25
sseA	5768	5629	5471	5156	5339	5001	4765	5153	5567	4999	4714	5684
ssuA	15886	27945	27918	13317	17194	27372	15465	26016	26288	15294	12757	28207
ssuB	39405	47601	43750	35524	33547	41787	36100	43328	44002	31391	35529	44141
ssuC	22417	26354	25345	19137	19236	23666	19793	25289	25666	18395	19536	25789
ssuD	25973	29486	25127	23371	22114	26045	23475	24209	27372	21688	23476	25590
ssuE	3959	3853	3925	2985	3148	3335	3065	3609	3487	2904	3421	4029
sudA	13416	19440	19276	10794	12854	18932	12262	19889	20489	12008	10284	19300
sudB	375	494	453	216	262	540	287	485	574	298	245	461
sulP	9864	13724	12375	9788	7507	13111	10135	12032	13232	7680	9762	12793
suyA	2794	3106	2876	2504	2525	2989	2644	2914	2788	2617	2591	3076
suyB	764	617	579	567	664	605	591	558	636	590	589	605
tauA	2009	2627	2626	2090	1563	2355	2123	2617	2539	1614	2356	2789
tauB	12909	16074	14806	11642	10387	13912	12078	14836	14719	10485	11546	15200
tauC	1703	2823	2529	1509	1416	2246	1600	2523	2646	1236	1577	2562
tauD	10890	13395	12555	11283	8723	14369	11501	14451	14015	9563	10541	12560
tauE	12	20	16	32	13	21	19	21	13	10	25	34
tauX	52	41	102	29	36	46	31	58	105	56	60	112
tauY	670	794	819	633	552	843	700	796	843	537	655	837
tauZ	685	983	1000	743	583	796	779	1041	981	812	783	996
tbuB	160	264	242	97	157	196	96	206	280	119	82	235
tbuC	551	358	392	270	435	377	274	406	371	328	322	412
tetH	62	23	26	21	24	33	31	16	26	31	30	27
tmm	644	999	934	786	495	858	762	1319	825	695	1006	908
tmoC	667	773	747	277	641	716	364	626	839	511	291	717
tmoF	23	93	95	19	24	62	32	75	116	27	32	108
toa	2075	1899	2110	1244	1929	1968	1393	1701	1863	1439	1644	1991
touC	2	2	5	2	1	1	4	0	2	1	2	2
touF	61	58	59	41	43	65	49	66	32	36	37	56
tpa	17975	20238	19463	16895	16753	20312	17376	20272	20499	15657	16746	19805
tsdA	5566	9625	8328	5526	5579	8963	6143	9173	9125	5362	4827	8611
tsdB	1041	1390	1427	1154	773	1366	1237	1218	1301	854	1219	1442
ttrA	2352	2432	2528	1905	1651	2609	2069	2452	2379	1714	2269	2554
ttrB	2977	2626	1996	2344	2879	2438	2487	2303	2497	3165	2587	2078
ttrC	237	279	347	292	172	300	359	356	284	213	287	304
tusA	6052	7929	7030	6096	4704	6544	6059	7658	6909	5260	5476	7183
tusB	2888	2899	2801	2608	2076	3025	2651	2862	2844	1957	2621	2950
tusC	87	153	137	115	57	118	108	166	156	71	131	113
tusD	982	1129	1324	882	767	1150	925	1392	1258	812	957	1364
tusE	285	425	461	341	225	522	354	400	505	233	269	491
xsc	12325	16655	15021	12389	10101	15024	12490	15416	15926	10730	11833	14808
yihQ	1539	1135	1059	1147	1163	1372	1079	1015	992	1317	1465	1193
